Latitude	Longitude	Elevation
47.52903000	-121.996850	181.0
47.52904000	-121.996900	181.0
47.52903000	-121.996940	181.0
47.52903000	-121.996980	181.0
47.52903000	-121.997030	181.0
47.52902000	-121.997070	181.0
47.52902000	-121.997120	181.0
47.52903000	-121.997170	181.0
47.52905000	-121.997210	180.0
47.52905000	-121.997270	180.0
47.52905000	-121.997310	180.0
47.52903000	-121.997360	180.0
47.52902000	-121.997400	180.0
47.52900000	-121.997450	179.0
47.52899000	-121.997480	179.0
47.52897000	-121.997520	179.0
47.52894000	-121.997540	179.0
47.52891000	-121.997560	179.0
47.52890000	-121.997610	179.0
47.52889000	-121.997660	179.0
47.52890000	-121.997700	179.0
47.52892000	-121.997750	178.0
47.52894000	-121.997790	178.0
47.52895000	-121.997840	178.0
47.52892000	-121.997880	178.0
47.52890000	-121.997910	178.0
47.52888000	-121.997940	178.0
47.52886000	-121.997990	178.0
47.52885000	-121.998050	178.0
47.52886000	-121.998100	178.0
47.52887000	-121.998150	178.0
47.52887000	-121.998190	178.0
47.52888000	-121.998240	178.0
47.52888000	-121.998290	178.0
47.52889000	-121.998330	178.0
47.52890000	-121.998380	178.0
47.52889000	-121.998430	178.0
47.52887000	-121.998470	178.0
47.52885000	-121.998510	178.0
47.52882000	-121.998540	178.0
47.52880000	-121.998570	178.0
47.52878000	-121.998610	177.0
47.52875000	-121.998640	177.0
47.52872000	-121.998670	177.0
47.52868000	-121.998690	176.0
47.52865000	-121.998720	176.0
47.52864000	-121.998760	176.0
47.52863000	-121.998800	176.0
47.52861000	-121.998860	175.0
47.52859000	-121.998890	175.0
47.52856000	-121.998910	175.0
47.52854000	-121.998930	175.0
47.52851000	-121.998960	174.0
47.52848000	-121.998990	174.0
47.52846000	-121.999020	174.0
47.52843000	-121.999020	173.0
47.52839000	-121.999000	173.0
47.52836000	-121.998990	172.0
47.52832000	-121.998960	172.0
47.52829000	-121.998940	172.0
47.52826000	-121.998920	172.0
47.52822000	-121.998890	172.0
47.52820000	-121.998870	172.0
47.52819000	-121.998830	171.0
47.52818000	-121.998780	171.0
47.52818000	-121.998740	171.0
47.52815000	-121.998700	171.0
47.52813000	-121.998680	171.0
47.52809000	-121.998690	171.0
47.52807000	-121.998730	171.0
47.52804000	-121.998770	171.0
47.52803000	-121.998820	171.0
47.52802000	-121.998870	171.0
47.52802000	-121.998930	170.0
47.52802000	-121.998970	170.0
47.52801000	-121.999020	170.0
47.52800000	-121.999080	170.0
47.52799000	-121.999130	170.0
47.52798000	-121.999190	170.0
47.52797000	-121.999240	170.0
47.52794000	-121.999280	171.0
47.52792000	-121.999310	171.0
47.52789000	-121.999340	172.0
47.52786000	-121.999380	172.0
47.52785000	-121.999430	173.0
47.52784000	-121.999480	173.0
47.52784000	-121.999530	174.0
47.52784000	-121.999580	174.0
47.52786000	-121.999620	174.0
47.52788000	-121.999660	174.0
47.52789000	-121.999700	175.0
47.52790000	-121.999740	175.0
47.52790000	-121.999800	175.0
47.52791000	-121.999850	175.0
47.52791000	-121.999900	176.0
47.52790000	-121.999940	176.0
47.52789000	-122.000000	1712.0
47.52791000	-122.000050	177.0
47.52793000	-122.000090	177.0
47.52795000	-122.000120	177.0
47.52796000	-122.000170	177.0
47.52796000	-122.000210	177.0
47.52798000	-122.000240	177.0
47.52800000	-122.000210	177.0
47.52803000	-122.000200	177.0
47.52806000	-122.000220	177.0
47.52807000	-122.000160	177.0
47.52809000	-122.000130	177.0
47.52809000	-122.000180	177.0
47.52810000	-122.000240	177.0
47.52811000	-122.000300	177.0
47.52811000	-122.000390	177.0
47.52810000	-122.000450	177.0
47.52809000	-122.000510	177.0
47.52808000	-122.000560	177.0
47.52808000	-122.000630	177.0
47.52807000	-122.000680	177.0
47.52807000	-122.000730	177.0
47.52808000	-122.000780	177.0
47.52807000	-122.000840	177.0
47.52807000	-122.000880	177.0
47.52806000	-122.000920	177.0
47.52806000	-122.000970	176.0
47.52806000	-122.001020	176.0
47.52806000	-122.001060	176.0
47.52806000	-122.001100	175.0
47.52805000	-122.001140	175.0
47.52804000	-122.001190	175.0
47.52803000	-122.001260	175.0
47.52804000	-122.001310	175.0
47.52805000	-122.001350	175.0
47.52807000	-122.001400	174.0
47.52810000	-122.001460	172.0
47.52813000	-122.001510	171.0
47.52815000	-122.001550	169.0
47.52817000	-122.001590	168.0
47.52818000	-122.001620	167.0
47.52819000	-122.001670	166.0
47.52819000	-122.001720	166.0
47.52817000	-122.001770	166.0
47.52816000	-122.001810	167.0
47.52814000	-122.001850	167.0
47.52812000	-122.001870	168.0
47.52809000	-122.001900	169.0
47.52806000	-122.001920	170.0
47.52803000	-122.001950	170.0
47.52800000	-122.001950	171.0
47.52796000	-122.001940	172.0
47.52792000	-122.001930	173.0
47.52789000	-122.001930	174.0
47.52787000	-122.001970	174.0
47.52787000	-122.002030	174.0
47.52788000	-122.002080	173.0
47.52790000	-122.002130	172.0
47.52791000	-122.002170	172.0
47.52792000	-122.002210	171.0
47.52793000	-122.002260	171.0
47.52793000	-122.002310	170.0
47.52793000	-122.002370	170.0
47.52792000	-122.002410	170.0
47.52791000	-122.002460	170.0
47.52789000	-122.002510	170.0
47.52786000	-122.002540	171.0
47.52783000	-122.002580	171.0
47.52782000	-122.002620	171.0
47.52781000	-122.002670	172.0
47.52783000	-122.002720	171.0
47.52783000	-122.002780	171.0
47.52783000	-122.002820	171.0
47.52782000	-122.002880	171.0
47.52781000	-122.002930	171.0
47.52780000	-122.002980	171.0
47.52780000	-122.003020	170.0
47.52782000	-122.003060	170.0
47.52783000	-122.003110	169.0
47.52782000	-122.003160	168.0
47.52781000	-122.003200	168.0
47.52779000	-122.003250	167.0
47.52779000	-122.003290	166.0
47.52778000	-122.003350	165.0
47.52775000	-122.003380	165.0
47.52773000	-122.003410	165.0
47.52770000	-122.003440	165.0
47.52766000	-122.003470	166.0
47.52763000	-122.003490	166.0
47.52760000	-122.003500	167.0
47.52757000	-122.003510	168.0
47.52754000	-122.003530	168.0
47.52751000	-122.003540	169.0
47.52748000	-122.003550	170.0
47.52744000	-122.003560	170.0
47.52742000	-122.003580	170.0
47.52738000	-122.003610	171.0
47.52734000	-122.003650	172.0
47.52731000	-122.003670	172.0
47.52727000	-122.003680	173.0
47.52723000	-122.003690	173.0
47.52721000	-122.003700	174.0
47.52718000	-122.003710	173.0
47.52715000	-122.003740	173.0
47.52711000	-122.003760	173.0
47.52708000	-122.003780	173.0
47.52707000	-122.003820	172.0
47.52705000	-122.003860	172.0
47.52703000	-122.003900	172.0
47.52702000	-122.003950	172.0
47.52703000	-122.004010	172.0
47.52705000	-122.004050	172.0
47.52708000	-122.004020	172.0
47.52709000	-122.003970	172.0
47.52712000	-122.003960	172.0
47.52715000	-122.003940	172.0
47.52714000	-122.003900	172.0
47.52716000	-122.003870	172.0
47.52714000	-122.003910	172.0
47.52712000	-122.003880	172.0
47.52713000	-122.003920	172.0
47.52714000	-122.003960	172.0
47.52713000	-122.003990	172.0
47.52711000	-122.004040	172.0
47.52708000	-122.004050	172.0
47.52705000	-122.004040	172.0
47.52702000	-122.004030	172.0
47.52699000	-122.004030	172.0
47.52696000	-122.004030	172.0
47.52692000	-122.004030	172.0
47.52689000	-122.004030	172.0
47.52685000	-122.004010	172.0
47.52682000	-122.003990	172.0
47.52679000	-122.003990	172.0
47.52676000	-122.003990	173.0
47.52672000	-122.003970	173.0
47.52670000	-122.003970	173.0
47.52666000	-122.003960	173.0
47.52663000	-122.003960	173.0
47.52659000	-122.003960	173.0
47.52656000	-122.003960	173.0
47.52653000	-122.003970	173.0
47.52650000	-122.004000	174.0
47.52647000	-122.004020	174.0
47.52643000	-122.004040	174.0
47.52640000	-122.004060	174.0
47.52637000	-122.004070	174.0
47.52634000	-122.004080	174.0
47.52630000	-122.004080	174.0
47.52627000	-122.004080	174.0
47.52624000	-122.004070	174.0
47.52621000	-122.004090	174.0
47.52620000	-122.004130	174.0
47.52620000	-122.004180	174.0
47.52621000	-122.004230	174.0
47.52621000	-122.004290	174.0
47.52621000	-122.004330	174.0
47.52622000	-122.004370	174.0
47.52622000	-122.004420	174.0
47.52622000	-122.004490	174.0
47.52622000	-122.004540	174.0
47.52622000	-122.004590	174.0
47.52622000	-122.004640	174.0
47.52622000	-122.004680	174.0
47.52623000	-122.004730	174.0
47.52624000	-122.004780	174.0
47.52624000	-122.004820	174.0
47.52624000	-122.004860	174.0
47.52623000	-122.004900	174.0
47.52623000	-122.004960	174.0
47.52624000	-122.005010	175.0
47.52625000	-122.005060	175.0
47.52626000	-122.005110	175.0
47.52627000	-122.005160	175.0
47.52627000	-122.005210	175.0
47.52627000	-122.005260	175.0
47.52627000	-122.005320	176.0
47.52628000	-122.005360	176.0
47.52628000	-122.005400	176.0
47.52630000	-122.005470	176.0
47.52631000	-122.005530	176.0
47.52631000	-122.005580	177.0
47.52629000	-122.005560	177.0
47.52629000	-122.005610	177.0
47.52628000	-122.005650	177.0
47.52627000	-122.005700	177.0
47.52627000	-122.005750	177.0
47.52628000	-122.005790	177.0
47.52628000	-122.005850	178.0
47.52628000	-122.005910	178.0
47.52628000	-122.005960	178.0
47.52628000	-122.006000	178.0
47.52627000	-122.006040	178.0
47.52626000	-122.006090	178.0
47.52624000	-122.006120	177.0
47.52622000	-122.006160	177.0
47.52620000	-122.006200	177.0
47.52619000	-122.006240	177.0
47.52617000	-122.006290	177.0
47.52615000	-122.006330	177.0
47.52612000	-122.006360	177.0
47.52610000	-122.006400	177.0
47.52608000	-122.006450	177.0
47.52607000	-122.006500	177.0
47.52605000	-122.006530	177.0
47.52602000	-122.006570	178.0
47.52599000	-122.006600	178.0
47.52596000	-122.006640	178.0
47.52594000	-122.006670	179.0
47.52591000	-122.006690	179.0
47.52588000	-122.006710	180.0
47.52584000	-122.006730	180.0
47.52581000	-122.006760	181.0
47.52579000	-122.006790	181.0
47.52577000	-122.006820	182.0
47.52575000	-122.006860	182.0
47.52575000	-122.006910	183.0
47.52574000	-122.006960	183.0
47.52574000	-122.007010	184.0
47.52572000	-122.007050	185.0
47.52571000	-122.007090	185.0
47.52569000	-122.007140	186.0
47.52567000	-122.007160	186.0
47.52563000	-122.007180	186.0
47.52560000	-122.007180	186.0
47.52556000	-122.007180	186.0
47.52553000	-122.007190	186.0
47.52551000	-122.007220	186.0
47.52549000	-122.007250	186.0
47.52547000	-122.007300	186.0
47.52544000	-122.007350	186.0
47.52543000	-122.007400	186.0
47.52540000	-122.007440	186.0
47.52538000	-122.007480	186.0
47.52537000	-122.007510	186.0
47.52534000	-122.007540	186.0
47.52532000	-122.007570	186.0
47.52530000	-122.007610	186.0
47.52527000	-122.007650	185.0
47.52525000	-122.007680	185.0
47.52523000	-122.007710	185.0
47.52521000	-122.007740	185.0
47.52518000	-122.007760	184.0
47.52516000	-122.007800	184.0
47.52514000	-122.007830	184.0
47.52510000	-122.007850	184.0
47.52507000	-122.007870	183.0
47.52505000	-122.007890	183.0
47.52502000	-122.007920	183.0
47.52499000	-122.007950	182.0
47.52496000	-122.007980	182.0
47.52494000	-122.008010	182.0
47.52491000	-122.008040	182.0
47.52489000	-122.008070	181.0
47.52487000	-122.008100	181.0
47.52484000	-122.008120	181.0
47.52482000	-122.008160	181.0
47.52480000	-122.008190	180.0
47.52478000	-122.008230	180.0
47.52476000	-122.008270	180.0
47.52473000	-122.008300	180.0
47.52473000	-122.008350	180.0
47.52473000	-122.008390	180.0
47.52473000	-122.008450	180.0
47.52473000	-122.008500	180.0
47.52473000	-122.008540	180.0
47.52472000	-122.008590	179.0
47.52472000	-122.008630	179.0
47.52471000	-122.008680	179.0
47.52470000	-122.008720	178.0
47.52468000	-122.008760	177.0
47.52467000	-122.008820	177.0
47.52465000	-122.008880	176.0
47.52463000	-122.008930	175.0
47.52462000	-122.008970	174.0
47.52462000	-122.009020	173.0
47.52462000	-122.009060	172.0
47.52463000	-122.009110	171.0
47.52464000	-122.009150	170.0
47.52465000	-122.009190	169.0
47.52466000	-122.009240	168.0
47.52467000	-122.009300	167.0
47.52467000	-122.009360	165.0
47.52466000	-122.009410	165.0
47.52466000	-122.009460	164.0
47.52465000	-122.009510	163.0
47.52465000	-122.009550	162.0
47.52463000	-122.009610	162.0
47.52462000	-122.009650	161.0
47.52461000	-122.009680	161.0
47.52460000	-122.009720	160.0
47.52458000	-122.009770	160.0
47.52457000	-122.009820	159.0
47.52456000	-122.009860	159.0
47.52454000	-122.009920	158.0
47.52453000	-122.009960	158.0
47.52451000	-122.010000	157.0
47.52450000	-122.010040	157.0
47.52448000	-122.010080	157.0
47.52446000	-122.010120	157.0
47.52444000	-122.010160	156.0
47.52443000	-122.010200	156.0
47.52442000	-122.010250	156.0
47.52441000	-122.010290	156.0
47.52441000	-122.010340	156.0
47.52441000	-122.010390	156.0
47.52439000	-122.010420	156.0
47.52435000	-122.010440	156.0
47.52432000	-122.010450	157.0
47.52429000	-122.010460	157.0
47.52426000	-122.010480	157.0
47.52423000	-122.010500	158.0
47.52419000	-122.010520	158.0
47.52416000	-122.010540	159.0
47.52413000	-122.010550	159.0
47.52410000	-122.010570	159.0
47.52408000	-122.010580	159.0
47.52405000	-122.010600	159.0
47.52403000	-122.010620	159.0
47.52400000	-122.010640	159.0
47.52397000	-122.010660	160.0
47.52394000	-122.010680	160.0
47.52391000	-122.010700	160.0
47.52389000	-122.010730	160.0
47.52386000	-122.010750	160.0
47.52386000	-122.010790	160.0
47.52383000	-122.010800	160.0
47.52380000	-122.010810	160.0
47.52376000	-122.010830	159.0
47.52373000	-122.010860	159.0
47.52369000	-122.010880	159.0
47.52367000	-122.010890	159.0
47.52362000	-122.010930	159.0
47.52360000	-122.010950	160.0
47.52357000	-122.010980	160.0
47.52354000	-122.011000	160.0
47.52352000	-122.011020	160.0
47.52349000	-122.011040	160.0
47.52346000	-122.011070	160.0
47.52343000	-122.011090	160.0
47.52340000	-122.011110	160.0
47.52337000	-122.011130	160.0
47.52334000	-122.011140	160.0
47.52331000	-122.011150	160.0
47.52328000	-122.011170	160.0
47.52325000	-122.011180	160.0
47.52322000	-122.011190	160.0
47.52319000	-122.011200	160.0
47.52316000	-122.011220	160.0
47.52312000	-122.011240	160.0
47.52310000	-122.011260	160.0
47.52307000	-122.011280	160.0
47.52303000	-122.011300	160.0
47.52300000	-122.011320	160.0
47.52297000	-122.011340	160.0
47.52293000	-122.011360	160.0
47.52290000	-122.011380	159.0
47.52287000	-122.011400	160.0
47.52284000	-122.011420	160.0
47.52281000	-122.011420	160.0
47.52278000	-122.011430	160.0
47.52274000	-122.011430	160.0
47.52271000	-122.011440	160.0
47.52268000	-122.011440	160.0
47.52265000	-122.011440	159.0
47.52262000	-122.011450	160.0
47.52259000	-122.011460	160.0
47.52255000	-122.011470	159.0
47.52252000	-122.011500	160.0
47.52248000	-122.011510	160.0
47.52244000	-122.011530	159.0
47.52241000	-122.011560	159.0
47.52237000	-122.011590	159.0
47.52235000	-122.011620	159.0
47.52232000	-122.011650	159.0
47.52229000	-122.011660	159.0
47.52225000	-122.011680	159.0
47.52222000	-122.011700	159.0
47.52218000	-122.011730	158.0
47.52216000	-122.011760	158.0
47.52213000	-122.011770	158.0
47.52210000	-122.011800	158.0
47.52208000	-122.011820	157.0
47.52205000	-122.011840	157.0
47.52202000	-122.011870	157.0
47.52199000	-122.011890	156.0
47.52196000	-122.011900	155.0
47.52193000	-122.011920	155.0
47.52189000	-122.011930	155.0
47.52186000	-122.011940	155.0
47.52183000	-122.011940	155.0
47.52180000	-122.011940	155.0
47.52177000	-122.011960	155.0
47.52174000	-122.011970	155.0
47.52171000	-122.011990	156.0
47.52169000	-122.012000	156.0
47.52165000	-122.012030	156.0
47.52163000	-122.012050	157.0
47.52160000	-122.012070	157.0
47.52157000	-122.012090	157.0
47.52154000	-122.012100	158.0
47.52151000	-122.012110	158.0
47.52148000	-122.012120	158.0
47.52145000	-122.012120	158.0
47.52142000	-122.012130	158.0
47.52139000	-122.012120	157.0
47.52135000	-122.012110	157.0
47.52132000	-122.012100	157.0
47.52129000	-122.012110	157.0
47.52125000	-122.012110	157.0
47.52121000	-122.012120	157.0
47.52118000	-122.012130	158.0
47.52115000	-122.012140	158.0
47.52112000	-122.012150	158.0
47.52109000	-122.012150	158.0
47.52106000	-122.012180	158.0
47.52103000	-122.012200	158.0
47.52099000	-122.012230	158.0
47.52096000	-122.012250	159.0
47.52093000	-122.012280	159.0
47.52090000	-122.012290	159.0
47.52086000	-122.012310	159.0
47.52084000	-122.012330	159.0
47.52080000	-122.012340	159.0
47.52077000	-122.012340	159.0
47.52074000	-122.012340	159.0
47.52070000	-122.012320	158.0
47.52067000	-122.012290	158.0
47.52064000	-122.012280	158.0
47.52061000	-122.012260	158.0
47.52058000	-122.012230	159.0
47.52055000	-122.012200	159.0
47.52053000	-122.012170	159.0
# new track		
47.52043000	-122.011990	160.0
47.52042000	-122.011940	161.0
47.52041000	-122.011900	161.0
47.52040000	-122.011860	162.0
47.52038000	-122.011830	162.0
47.52035000	-122.011850	162.0
47.52035000	-122.011890	161.0
47.52036000	-122.011860	161.0
47.52039000	-122.011840	162.0
47.52039000	-122.011890	161.0
47.52037000	-122.011860	161.0
47.52034000	-122.011830	162.0
47.52033000	-122.011790	163.0
47.52032000	-122.011740	164.0
47.52031000	-122.011700	165.0
47.52030000	-122.011660	166.0
47.52029000	-122.011630	166.0
47.52026000	-122.011600	167.0
47.52023000	-122.011620	167.0
47.52020000	-122.011610	167.0
47.52016000	-122.011590	168.0
47.52013000	-122.011570	169.0
47.52010000	-122.011560	170.0
47.52007000	-122.011530	171.0
47.52003000	-122.011510	173.0
47.52002000	-122.011540	172.0
47.52001000	-122.011580	170.0
47.51998000	-122.011570	171.0
47.51995000	-122.011540	173.0
47.51995000	-122.011500	174.0
47.51994000	-122.011460	176.0
47.51991000	-122.011440	177.0
47.51987000	-122.011410	179.0
47.51984000	-122.011380	181.0
47.51981000	-122.011360	182.0
47.51978000	-122.011350	183.0
47.51975000	-122.011320	184.0
47.51972000	-122.011300	186.0
47.51969000	-122.011290	187.0
47.51965000	-122.011270	188.0
47.51961000	-122.011250	189.0
47.51957000	-122.011240	191.0
47.51954000	-122.011240	191.0
47.51950000	-122.011240	192.0
47.51947000	-122.011240	192.0
47.51944000	-122.011230	193.0
47.51940000	-122.011200	195.0
47.51937000	-122.011190	196.0
47.51934000	-122.011180	198.0
47.51931000	-122.011170	199.0
47.51926000	-122.011160	200.0
47.51922000	-122.011150	201.0
47.51918000	-122.011140	202.0
47.51914000	-122.011120	204.0
47.51910000	-122.011110	206.0
47.51907000	-122.011110	207.0
47.51902000	-122.011100	209.0
47.51899000	-122.011080	210.0
47.51895000	-122.011060	212.0
47.51892000	-122.011040	213.0
47.51888000	-122.011020	215.0
47.51885000	-122.011010	216.0
47.51881000	-122.010990	217.0
47.51877000	-122.010980	218.0
47.51874000	-122.010960	219.0
47.51870000	-122.010950	221.0
47.51865000	-122.010960	222.0
47.51861000	-122.010970	223.0
47.51858000	-122.010990	223.0
47.51854000	-122.011020	224.0
47.51851000	-122.011050	224.0
47.51846000	-122.011070	225.0
47.51842000	-122.011090	225.0
47.51839000	-122.011130	225.0
47.51836000	-122.011160	226.0
47.51832000	-122.011200	226.0
47.51830000	-122.011250	225.0
47.51828000	-122.011300	225.0
47.51824000	-122.011340	224.0
47.51821000	-122.011400	223.0
47.51819000	-122.011450	223.0
47.51816000	-122.011490	222.0
47.51812000	-122.011530	222.0
47.51809000	-122.011580	222.0
47.51805000	-122.011600	222.0
47.51801000	-122.011580	223.0
47.51797000	-122.011550	224.0
47.51794000	-122.011530	225.0
47.51790000	-122.011510	226.0
47.51785000	-122.011500	228.0
47.51781000	-122.011500	228.0
47.51777000	-122.011480	230.0
47.51773000	-122.011460	231.0
47.51769000	-122.011450	232.0
47.51765000	-122.011430	234.0
47.51761000	-122.011420	235.0
47.51757000	-122.011410	236.0
47.51753000	-122.011400	238.0
47.51749000	-122.011380	239.0
47.51744000	-122.011360	241.0
47.51740000	-122.011350	242.0
47.51736000	-122.011350	242.0
47.51732000	-122.011340	244.0
47.51728000	-122.011330	245.0
47.51724000	-122.011310	246.0
47.51721000	-122.011300	247.0
47.51717000	-122.011280	249.0
47.51713000	-122.011270	250.0
47.51709000	-122.011270	250.0
47.51704000	-122.011280	251.0
47.51701000	-122.011270	252.0
47.51696000	-122.011270	253.0
47.51692000	-122.011250	254.0
47.51697000	-122.011250	253.0
47.51700000	-122.011240	253.0
47.51702000	-122.011270	252.0
47.51701000	-122.011230	253.0
47.51699000	-122.011250	253.0
47.51696000	-122.011260	253.0
47.51693000	-122.011270	253.0
47.51690000	-122.011280	253.0
47.51687000	-122.011280	253.0
47.51684000	-122.011290	253.0
47.51681000	-122.011290	253.0
47.51678000	-122.011290	253.0
47.51676000	-122.011260	254.0
47.51673000	-122.011250	255.0
47.51669000	-122.011240	255.0
47.51666000	-122.011230	256.0
47.51663000	-122.011210	257.0
47.51659000	-122.011210	257.0
47.51656000	-122.011210	257.0
47.51652000	-122.011200	257.0
47.51650000	-122.011180	258.0
47.51647000	-122.011160	258.0
47.51644000	-122.011150	259.0
47.51642000	-122.011130	259.0
47.51640000	-122.011100	260.0
47.51637000	-122.011090	260.0
47.51634000	-122.011090	260.0
47.51631000	-122.011070	261.0
47.51629000	-122.011050	262.0
47.51626000	-122.011020	263.0
47.51623000	-122.011010	263.0
47.51619000	-122.011000	263.0
47.51616000	-122.010980	263.0
47.51613000	-122.010970	263.0
47.51611000	-122.010950	264.0
47.51608000	-122.010940	264.0
47.51604000	-122.010930	264.0
47.51601000	-122.010900	265.0
47.51598000	-122.010870	265.0
47.51596000	-122.010840	266.0
47.51593000	-122.010820	267.0
47.51591000	-122.010800	267.0
47.51588000	-122.010780	268.0
47.51585000	-122.010770	268.0
47.51582000	-122.010750	268.0
47.51579000	-122.010730	269.0
47.51576000	-122.010710	269.0
47.51573000	-122.010700	269.0
47.51570000	-122.010670	270.0
47.51567000	-122.010640	270.0
47.51565000	-122.010620	271.0
47.51561000	-122.010590	271.0
47.51559000	-122.010560	272.0
47.51556000	-122.010530	273.0
47.51554000	-122.010510	273.0
47.51551000	-122.010490	274.0
47.51549000	-122.010480	274.0
47.51545000	-122.010460	274.0
47.51542000	-122.010450	274.0
47.51539000	-122.010440	274.0
47.51536000	-122.010420	274.0
47.51533000	-122.010400	275.0
47.51531000	-122.010380	275.0
47.51528000	-122.010380	274.0
47.51525000	-122.010370	275.0
47.51521000	-122.010360	275.0
47.51519000	-122.010340	276.0
47.51516000	-122.010310	277.0
47.51514000	-122.010260	279.0
47.51511000	-122.010220	280.0
47.51509000	-122.010180	282.0
47.51507000	-122.010140	283.0
47.51505000	-122.010110	284.0
47.51503000	-122.010070	285.0
47.51501000	-122.010030	287.0
47.51500000	-122.009990	288.0
47.51498000	-122.009960	289.0
47.51496000	-122.009950	289.0
47.51493000	-122.009940	289.0
47.51490000	-122.009930	289.0
47.51486000	-122.009910	290.0
47.51483000	-122.009890	290.0
47.51479000	-122.009870	291.0
47.51477000	-122.009850	291.0
47.51474000	-122.009830	291.0
47.51472000	-122.009810	292.0
47.51468000	-122.009780	292.0
47.51465000	-122.009770	292.0
47.51463000	-122.009740	293.0
47.51460000	-122.009710	294.0
47.51458000	-122.009690	294.0
47.51454000	-122.009680	294.0
47.51451000	-122.009670	295.0
47.51448000	-122.009660	295.0
47.51445000	-122.009660	295.0
47.51442000	-122.009650	295.0
47.51439000	-122.009640	295.0
47.51436000	-122.009620	296.0
47.51433000	-122.009610	296.0
47.51430000	-122.009610	296.0
47.51426000	-122.009600	296.0
47.51423000	-122.009590	297.0
47.51420000	-122.009590	297.0
47.51416000	-122.009600	297.0
47.51412000	-122.009600	297.0
47.51409000	-122.009600	297.0
47.51406000	-122.009600	297.0
47.51402000	-122.009600	297.0
47.51399000	-122.009580	298.0
47.51396000	-122.009570	299.0
47.51392000	-122.009560	299.0
47.51388000	-122.009560	299.0
47.51385000	-122.009550	300.0
47.51382000	-122.009530	301.0
47.51379000	-122.009520	302.0
47.51375000	-122.009510	303.0
47.51372000	-122.009490	304.0
47.51370000	-122.009460	305.0
47.51367000	-122.009430	306.0
47.51365000	-122.009410	307.0
47.51363000	-122.009380	308.0
47.51360000	-122.009350	309.0
47.51358000	-122.009330	309.0
47.51355000	-122.009280	311.0
47.51353000	-122.009250	312.0
47.51351000	-122.009210	312.0
47.51349000	-122.009190	313.0
47.51347000	-122.009150	314.0
47.51343000	-122.009130	314.0
47.51340000	-122.009110	315.0
47.51338000	-122.009080	315.0
47.51336000	-122.009050	316.0
47.51333000	-122.009020	317.0
47.51330000	-122.009000	317.0
47.51327000	-122.008980	317.0
47.51325000	-122.008960	317.0
47.51322000	-122.008930	318.0
47.51319000	-122.008920	318.0
47.51316000	-122.008930	318.0
47.51317000	-122.008890	318.0
47.51317000	-122.008850	319.0
47.51316000	-122.008810	320.0
47.51314000	-122.008790	321.0
47.51311000	-122.008760	322.0
47.51308000	-122.008750	322.0
47.51305000	-122.008750	321.0
47.51301000	-122.008750	321.0
47.51298000	-122.008750	321.0
47.51295000	-122.008740	320.0
47.51293000	-122.008710	321.0
47.51291000	-122.008690	321.0
47.51288000	-122.008650	321.0
47.51285000	-122.008610	322.0
47.51282000	-122.008590	322.0
47.51280000	-122.008570	322.0
47.51277000	-122.008550	322.0
47.51275000	-122.008530	322.0
47.51272000	-122.008540	322.0
47.51269000	-122.008520	322.0
47.51265000	-122.008510	321.0
47.51263000	-122.008530	320.0
47.51260000	-122.008490	321.0
47.51258000	-122.008460	321.0
47.51256000	-122.008430	322.0
47.51254000	-122.008380	322.0
47.51250000	-122.008310	323.0
47.51248000	-122.008260	324.0
47.51246000	-122.008200	326.0
47.51244000	-122.008150	327.0
47.51241000	-122.008110	327.0
47.51238000	-122.008070	328.0
47.51236000	-122.008030	329.0
47.51232000	-122.007990	329.0
47.51228000	-122.007980	329.0
47.51226000	-122.007940	329.0
47.51224000	-122.007890	331.0
47.51221000	-122.007840	331.0
47.51219000	-122.007790	333.0
47.51216000	-122.007740	333.0
47.51214000	-122.007700	334.0
47.51211000	-122.007660	334.0
47.51209000	-122.007630	334.0
47.51207000	-122.007600	335.0
47.51206000	-122.007560	335.0
47.51204000	-122.007520	336.0
47.51203000	-122.007490	337.0
47.51201000	-122.007460	337.0
47.51198000	-122.007470	336.0
47.51194000	-122.007480	335.0
47.51192000	-122.007460	335.0
47.51190000	-122.007420	336.0
47.51189000	-122.007370	337.0
47.51189000	-122.007330	338.0
47.51187000	-122.007280	339.0
47.51186000	-122.007240	339.0
47.51185000	-122.007200	340.0
47.51184000	-122.007140	341.0
47.51183000	-122.007110	341.0
47.51181000	-122.007070	341.0
47.51179000	-122.007030	342.0
47.51178000	-122.006990	343.0
47.51175000	-122.006990	342.0
47.51172000	-122.006970	342.0
47.51170000	-122.006940	343.0
47.51167000	-122.006920	343.0
47.51164000	-122.006900	343.0
47.51161000	-122.006870	343.0
47.51160000	-122.006810	344.0
47.51158000	-122.006750	345.0
47.51156000	-122.006700	346.0
47.51154000	-122.006650	347.0
47.51154000	-122.006580	348.0
47.51153000	-122.006530	349.0
47.51151000	-122.006480	349.0
47.51148000	-122.006430	350.0
47.51145000	-122.006400	351.0
47.51142000	-122.006360	351.0
47.51140000	-122.006310	351.0
47.51137000	-122.006270	351.0
47.51135000	-122.006220	351.0
47.51134000	-122.006170	352.0
47.51132000	-122.006120	352.0
47.51132000	-122.006060	353.0
47.51131000	-122.006000	354.0
47.51130000	-122.005940	355.0
47.51130000	-122.005880	355.0
47.51131000	-122.005820	356.0
47.51130000	-122.005760	358.0
47.51128000	-122.005710	359.0
47.51125000	-122.005650	360.0
47.51123000	-122.005600	360.0
47.51120000	-122.005560	361.0
47.51118000	-122.005500	362.0
47.51117000	-122.005450	363.0
47.51116000	-122.005400	364.0
47.51114000	-122.005370	364.0
47.51112000	-122.005330	364.0
47.51110000	-122.005290	365.0
47.51107000	-122.005260	366.0
47.51104000	-122.005230	366.0
47.51100000	-122.005210	366.0
47.51098000	-122.005200	366.0
47.51095000	-122.005170	367.0
47.51093000	-122.005120	367.0
47.51092000	-122.005080	368.0
47.51090000	-122.005040	368.0
47.51088000	-122.005000	369.0
47.51084000	-122.005000	369.0
47.51081000	-122.005010	368.0
47.51078000	-122.005020	368.0
47.51075000	-122.005030	368.0
47.51071000	-122.005020	368.0
47.51069000	-122.005010	368.0
47.51065000	-122.005000	369.0
47.51061000	-122.005010	368.0
47.51057000	-122.005000	369.0
47.51054000	-122.004980	369.0
47.51051000	-122.004970	369.0
47.51048000	-122.004950	369.0
47.51045000	-122.004930	369.0
47.51043000	-122.004900	369.0
47.51041000	-122.004890	370.0
47.51038000	-122.004880	370.0
47.51035000	-122.004870	370.0
47.51032000	-122.004850	370.0
47.51030000	-122.004810	371.0
47.51028000	-122.004770	372.0
47.51026000	-122.004730	373.0
47.51023000	-122.004700	374.0
47.51019000	-122.004680	374.0
47.51016000	-122.004660	375.0
47.51012000	-122.004650	375.0
47.51009000	-122.004640	375.0
47.51007000	-122.004620	375.0
47.51005000	-122.004590	376.0
47.51002000	-122.004580	376.0
47.50998000	-122.004560	376.0
47.50995000	-122.004530	376.0
47.50993000	-122.004510	376.0
47.50991000	-122.004480	376.0
47.50989000	-122.004440	377.0
47.50987000	-122.004390	377.0
47.50986000	-122.004350	377.0
47.50983000	-122.004300	377.0
47.50981000	-122.004280	377.0
47.50978000	-122.004250	377.0
47.50976000	-122.004210	378.0
47.50974000	-122.004180	378.0
47.50972000	-122.004150	378.0
47.50969000	-122.004120	378.0
47.50966000	-122.004090	378.0
47.50964000	-122.004050	378.0
47.50962000	-122.004010	378.0
47.50960000	-122.003970	379.0
47.50958000	-122.003950	379.0
47.50954000	-122.003930	378.0
47.50951000	-122.003900	378.0
47.50949000	-122.003880	378.0
47.50946000	-122.003840	379.0
47.50943000	-122.003810	379.0
47.50940000	-122.003790	379.0
47.50938000	-122.003750	380.0
47.50937000	-122.003700	381.0
47.50933000	-122.003660	382.0
47.50930000	-122.003650	382.0
47.50927000	-122.003640	382.0
47.50924000	-122.003620	382.0
47.50922000	-122.003590	383.0
47.50920000	-122.003540	384.0
47.50918000	-122.003490	386.0
47.50915000	-122.003470	386.0
47.50912000	-122.003470	386.0
47.50909000	-122.003480	386.0
# new track		
47.50732000	-122.004860	382.0
47.50730000	-122.004820	383.0
47.50732000	-122.004850	382.0
47.50734000	-122.004870	381.0
47.50736000	-122.004910	380.0
47.50736000	-122.004960	379.0
47.50737000	-122.005000	378.0
47.50737000	-122.005050	377.0
47.50737000	-122.005090	377.0
47.50736000	-122.005130	377.0
47.50734000	-122.005160	377.0
47.50733000	-122.005200	377.0
47.50731000	-122.005240	377.0
47.50729000	-122.005260	378.0
47.50726000	-122.005280	379.0
47.50723000	-122.005310	380.0
47.50721000	-122.005340	380.0
47.50718000	-122.005370	381.0
47.50715000	-122.005390	382.0
47.50713000	-122.005430	382.0
47.50710000	-122.005470	383.0
47.50708000	-122.005500	383.0
47.50705000	-122.005540	384.0
47.50702000	-122.005570	384.0
47.50700000	-122.005600	384.0
47.50698000	-122.005640	384.0
47.50696000	-122.005660	384.0
47.50693000	-122.005690	385.0
47.50691000	-122.005720	384.0
47.50688000	-122.005760	384.0
47.50686000	-122.005790	384.0
47.50683000	-122.005810	384.0
47.50681000	-122.005840	384.0
47.50679000	-122.005880	383.0
47.50676000	-122.005900	384.0
47.50673000	-122.005910	384.0
47.50670000	-122.005930	384.0
47.50668000	-122.005970	384.0
47.50667000	-122.006010	383.0
47.50664000	-122.006030	383.0
47.50660000	-122.006040	383.0
47.50657000	-122.006050	384.0
47.50653000	-122.006060	385.0
# new track		
47.50612000	-122.003870	438.0
47.50613000	-122.003830	438.0
47.50611000	-122.003790	439.0
47.50609000	-122.003760	441.0
# new track		
47.50483000	-122.002400	488.0
47.50480000	-122.002320	490.0
47.50476000	-122.002280	491.0
47.50474000	-122.002260	492.0
47.50469000	-122.002220	494.0
47.50467000	-122.002190	495.0
47.50464000	-122.002170	496.0
47.50461000	-122.002140	498.0
47.50458000	-122.002120	499.0
47.50460000	-122.002090	499.0
47.50462000	-122.002060	500.0
47.50460000	-122.002020	501.0
47.50460000	-122.001970	503.0
47.50461000	-122.001940	503.0
47.50463000	-122.001900	503.0
47.50463000	-122.001850	504.0
47.50460000	-122.001830	506.0
47.50457000	-122.001820	507.0
47.50453000	-122.001830	508.0
47.50450000	-122.001830	510.0
47.50447000	-122.001830	511.0
47.50446000	-122.001800	512.0
47.50442000	-122.001790	513.0
47.50440000	-122.001770	514.0
47.50437000	-122.001740	515.0
47.50435000	-122.001710	516.0
# new track		
47.50298000	-122.000290	573.0
47.50298000	-122.000380	572.0
47.50295000	-122.000410	572.0
47.50292000	-122.000410	572.0
47.50289000	-122.000410	573.0
47.50288000	-122.000370	574.0
47.50290000	-122.000360	573.0
47.50293000	-122.000360	573.0
47.50290000	-122.000330	574.0
47.50289000	-122.000300	574.0
47.50287000	-122.000260	575.0
47.50286000	-122.000230	576.0
# new track		
47.50261000	-121.999860	590.0
47.50260000	-121.999820	592.0
47.50263000	-121.999820	591.0
47.50266000	-121.999810	590.0
47.50269000	-121.999800	588.0
47.50271000	-121.999760	588.0
47.50273000	-121.999740	588.0
47.50273000	-121.999690	589.0
47.50275000	-121.999640	588.0
47.50277000	-121.999610	588.0
47.50277000	-121.999560	589.0
47.50276000	-121.999530	589.0
47.50274000	-121.999500	590.0
47.50271000	-121.999460	592.0
47.50269000	-121.999430	593.0
47.50266000	-121.999410	594.0
47.50264000	-121.999440	594.0
47.50263000	-121.999480	595.0
47.50262000	-121.999520	594.0
47.50262000	-121.999560	594.0
# new track		
47.50479000	-121.989200	622.0
47.50477000	-121.989230	621.0
47.50475000	-121.989260	620.0
47.50474000	-121.989300	618.0
47.50472000	-121.989330	617.0
47.50469000	-121.989320	617.0
47.50467000	-121.989350	616.0
47.50468000	-121.989390	614.0
47.50470000	-121.989430	613.0
47.50472000	-121.989460	612.0
47.50475000	-121.989450	613.0
47.50478000	-121.989450	613.0
47.50481000	-121.989490	612.0
47.50483000	-121.989530	611.0
47.50484000	-121.989570	610.0
47.50487000	-121.989590	610.0
47.50490000	-121.989600	610.0
47.50492000	-121.989630	610.0
47.50492000	-121.989680	608.0
47.50494000	-121.989720	607.0
47.50498000	-121.989730	608.0
47.50501000	-121.989740	608.0
47.50504000	-121.989750	609.0
47.50507000	-121.989760	610.0
47.50510000	-121.989770	610.0
47.50512000	-121.989790	610.0
47.50515000	-121.989800	611.0
47.50519000	-121.989790	612.0
47.50523000	-121.989790	613.0
47.50526000	-121.989810	613.0
47.50529000	-121.989830	613.0
# new track		
47.50581000	-121.990320	617.0
47.50584000	-121.990340	617.0
47.50588000	-121.990350	617.0
47.50591000	-121.990350	617.0
47.50594000	-121.990350	618.0
47.50597000	-121.990370	618.0
47.50600000	-121.990400	617.0
47.50602000	-121.990430	616.0
47.50604000	-121.990450	616.0
47.50606000	-121.990480	615.0
47.50606000	-121.990530	614.0
47.50608000	-121.990560	613.0
47.50611000	-121.990560	613.0
47.50613000	-121.990600	613.0
47.50615000	-121.990610	614.0
47.50618000	-121.990630	614.0
47.50621000	-121.990640	615.0
47.50623000	-121.990680	615.0
47.50624000	-121.990720	614.0
47.50627000	-121.990750	615.0
47.50630000	-121.990770	615.0
47.50633000	-121.990780	616.0
47.50635000	-121.990790	616.0
47.50638000	-121.990790	617.0
47.50641000	-121.990790	618.0
47.50644000	-121.990770	620.0
47.50647000	-121.990740	622.0
47.50648000	-121.990780	622.0
47.50649000	-121.990830	621.0
47.50652000	-121.990840	623.0
47.50655000	-121.990860	623.0
47.50658000	-121.990880	624.0
47.50659000	-121.990920	624.0
47.50660000	-121.990950	623.0
47.50660000	-121.991010	622.0
47.50659000	-121.991050	620.0
47.50659000	-121.991090	619.0
47.50659000	-121.991140	618.0
47.50660000	-121.991180	617.0
47.50662000	-121.991210	617.0
47.50664000	-121.991250	617.0
47.50665000	-121.991290	616.0
47.50665000	-121.991330	615.0
47.50666000	-121.991370	614.0
47.50667000	-121.991410	613.0
47.50667000	-121.991470	612.0
47.50669000	-121.991510	612.0
47.50671000	-121.991540	612.0
47.50673000	-121.991560	612.0
47.50676000	-121.991600	612.0
47.50678000	-121.991630	612.0
47.50680000	-121.991660	612.0
47.50682000	-121.991700	611.0
47.50683000	-121.991740	611.0
47.50683000	-121.991800	610.0
47.50684000	-121.991840	610.0
47.50686000	-121.991880	610.0
47.50688000	-121.991900	610.0
47.50691000	-121.991920	611.0
47.50694000	-121.991940	611.0
47.50697000	-121.991940	612.0
47.50700000	-121.991950	613.0
47.50704000	-121.991960	614.0
47.50706000	-121.991970	615.0
47.50708000	-121.992000	615.0
47.50710000	-121.992030	615.0
47.50713000	-121.992050	615.0
47.50716000	-121.992050	616.0
47.50719000	-121.992040	617.0
47.50722000	-121.992040	618.0
47.50725000	-121.992040	619.0
47.50728000	-121.992040	620.0
47.50732000	-121.992060	620.0
47.50736000	-121.992080	621.0
47.50739000	-121.992090	621.0
47.50742000	-121.992110	621.0
47.50746000	-121.992090	623.0
47.50750000	-121.992070	624.0
47.50754000	-121.992080	626.0
47.50758000	-121.992100	626.0
47.50761000	-121.992120	627.0
47.50766000	-121.992160	627.0
47.50770000	-121.992170	629.0
47.50774000	-121.992180	630.0
47.50777000	-121.992210	630.0
47.50778000	-121.992250	630.0
47.50778000	-121.992300	628.0
47.50778000	-121.992340	626.0
47.50780000	-121.992330	627.0
47.50783000	-121.992320	629.0
47.50785000	-121.992350	629.0
47.50786000	-121.992400	627.0
47.50786000	-121.992450	626.0
47.50786000	-121.992500	624.0
47.50787000	-121.992550	623.0
47.50787000	-121.992590	621.0
47.50788000	-121.992650	620.0
47.50790000	-121.992680	619.0
47.50793000	-121.992700	620.0
47.50796000	-121.992720	621.0
47.50799000	-121.992750	622.0
47.50801000	-121.992800	622.0
47.50804000	-121.992830	622.0
47.50806000	-121.992870	622.0
47.50807000	-121.992900	622.0
47.50809000	-121.992950	622.0
47.50809000	-121.993010	620.0
47.50810000	-121.993050	620.0
47.50810000	-121.993090	619.0
47.50811000	-121.993130	619.0
47.50812000	-121.993170	619.0
47.50814000	-121.993210	619.0
47.50817000	-121.993250	621.0
47.50819000	-121.993280	621.0
47.50819000	-121.993330	620.0
47.50819000	-121.993390	619.0
47.50819000	-121.993430	618.0
47.50821000	-121.993480	618.0
47.50823000	-121.993520	619.0
47.50825000	-121.993550	619.0
47.50828000	-121.993580	621.0
47.50831000	-121.993600	622.0
47.50833000	-121.993630	623.0
47.50834000	-121.993680	622.0
47.50836000	-121.993720	623.0
47.50837000	-121.993760	623.0
47.50839000	-121.993800	623.0
47.50841000	-121.993840	623.0
47.50841000	-121.993900	622.0
47.50841000	-121.993950	621.0
47.50842000	-121.993990	620.0
47.50844000	-121.994040	620.0
47.50846000	-121.994070	620.0
47.50848000	-121.994110	620.0
47.50849000	-121.994160	619.0
47.50850000	-121.994200	619.0
47.50852000	-121.994240	618.0
47.50854000	-121.994280	618.0
47.50855000	-121.994320	617.0
47.50857000	-121.994370	617.0
47.50859000	-121.994410	617.0
47.50861000	-121.994460	616.0
47.50864000	-121.994500	616.0
47.50866000	-121.994530	616.0
47.50867000	-121.994560	616.0
47.50869000	-121.994610	615.0
47.50871000	-121.994650	615.0
47.50873000	-121.994680	615.0
47.50875000	-121.994730	614.0
47.50877000	-121.994770	614.0
47.50880000	-121.994800	614.0
47.50884000	-121.994830	615.0
47.50886000	-121.994860	615.0
47.50889000	-121.994900	615.0
47.50891000	-121.994930	616.0
47.50893000	-121.994960	616.0
47.50895000	-121.994990	616.0
47.50897000	-121.995030	616.0
47.50899000	-121.995070	616.0
47.50900000	-121.995110	615.0
47.50903000	-121.995120	616.0
47.50906000	-121.995160	617.0
47.50908000	-121.995180	618.0
47.50912000	-121.995190	619.0
47.50915000	-121.995200	621.0
47.50918000	-121.995210	622.0
47.50921000	-121.995230	622.0
47.50923000	-121.995250	622.0
47.50926000	-121.995270	623.0
47.50929000	-121.995300	623.0
47.50932000	-121.995310	623.0
47.50935000	-121.995330	624.0
47.50938000	-121.995370	624.0
47.50940000	-121.995410	624.0
47.50943000	-121.995420	625.0
47.50946000	-121.995430	625.0
47.50949000	-121.995440	625.0
47.50952000	-121.995460	625.0
47.50955000	-121.995460	625.0
47.50957000	-121.995440	625.0
47.50960000	-121.995410	625.0
47.50962000	-121.995390	626.0
47.50965000	-121.995360	626.0
47.50968000	-121.995340	627.0
47.50971000	-121.995330	627.0
47.50974000	-121.995330	627.0
47.50978000	-121.995310	626.0
47.50981000	-121.995290	626.0
47.50983000	-121.995270	626.0
47.50986000	-121.995250	626.0
# new track		
47.51290000	-121.996110	611.0
47.51292000	-121.996100	612.0
47.51295000	-121.996080	612.0
47.51298000	-121.996060	613.0
47.51301000	-121.996040	614.0
47.51304000	-121.996000	614.0
# new track		
47.51727000	-121.999120	425.0
47.51729000	-121.999090	425.0
47.51731000	-121.999060	424.0
47.51733000	-121.999030	424.0
47.51735000	-121.998990	424.0
47.51737000	-121.998960	424.0
# new track		
47.51744000	-121.998660	423.0
47.51746000	-121.998620	423.0
47.51748000	-121.998580	422.0
# new track		
47.51753000	-121.998470	419.0
47.51753000	-121.998430	419.0
47.51754000	-121.998380	419.0
47.51755000	-121.998340	419.0
47.51756000	-121.998300	419.0
47.51757000	-121.998250	419.0
47.51758000	-121.998200	419.0
47.51758000	-121.998160	420.0
47.51759000	-121.998110	420.0
47.51761000	-121.998080	420.0
47.51764000	-121.998060	418.0
47.51766000	-121.998060	417.0
47.51770000	-121.998060	415.0
47.51772000	-121.998100	414.0
47.51774000	-121.998140	412.0
47.51777000	-121.998150	410.0
47.51780000	-121.998160	408.0
47.51781000	-121.998200	407.0
47.51783000	-121.998250	404.0
47.51784000	-121.998290	403.0
47.51784000	-121.998340	402.0
47.51785000	-121.998380	401.0
47.51785000	-121.998420	400.0
47.51787000	-121.998460	398.0
47.51787000	-121.998500	397.0
47.51787000	-121.998560	396.0
47.51787000	-121.998600	396.0
47.51788000	-121.998640	395.0
47.51790000	-121.998670	393.0
47.51792000	-121.998700	391.0
47.51794000	-121.998740	389.0
47.51794000	-121.998790	389.0
47.51794000	-121.998840	388.0
47.51795000	-121.998870	387.0
47.51796000	-121.998920	386.0
47.51796000	-121.998960	385.0
47.51793000	-121.999000	387.0
47.51792000	-121.999050	387.0
47.51790000	-121.999090	388.0
47.51790000	-121.999140	388.0
47.51788000	-121.999180	389.0
47.51788000	-121.999220	388.0
47.51790000	-121.999260	386.0
47.51789000	-121.999320	386.0
47.51788000	-121.999360	386.0
47.51787000	-121.999410	386.0
47.51788000	-121.999460	385.0
47.51788000	-121.999500	384.0
47.51787000	-121.999550	383.0
47.51787000	-121.999590	382.0
47.51787000	-121.999630	381.0
47.51788000	-121.999690	380.0
47.51787000	-121.999730	379.0
47.51787000	-121.999780	378.0
47.51786000	-121.999820	377.0
47.51786000	-121.999880	376.0
47.51784000	-121.999910	376.0
47.51783000	-121.999950	376.0
47.51782000	-122.000000	1967.0
47.51781000	-122.000040	374.0
47.51779000	-122.000070	375.0
47.51776000	-122.000080	376.0
47.51779000	-122.000060	375.0
47.51781000	-122.000010	375.0
47.51783000	-121.999970	375.0
47.51785000	-121.999930	375.0
47.51787000	-121.999910	374.0
47.51790000	-121.999880	373.0
47.51793000	-121.999860	371.0
47.51796000	-121.999840	370.0
47.51798000	-121.999820	369.0
47.51800000	-121.999790	368.0
47.51801000	-121.999730	369.0
47.51803000	-121.999680	368.0
47.51806000	-121.999640	367.0
47.51808000	-121.999620	366.0
47.51810000	-121.999590	365.0
47.51811000	-121.999550	366.0
47.51811000	-121.999510	367.0
47.51810000	-121.999470	368.0
47.51809000	-121.999410	370.0
47.51808000	-121.999350	371.0
47.51808000	-121.999310	372.0
47.51809000	-121.999270	372.0
47.51809000	-121.999220	373.0
47.51809000	-121.999180	374.0
47.51809000	-121.999130	374.0
47.51809000	-121.999080	375.0
47.51810000	-121.999030	375.0
47.51812000	-121.999000	375.0
47.51814000	-121.998950	375.0
47.51815000	-121.998910	375.0
47.51816000	-121.998870	375.0
47.51819000	-121.998840	374.0
47.51821000	-121.998810	374.0
47.51823000	-121.998770	373.0
47.51825000	-121.998720	373.0
47.51826000	-121.998670	374.0
47.51827000	-121.998620	374.0
47.51828000	-121.998580	374.0
47.51829000	-121.998520	374.0
47.51830000	-121.998480	375.0
47.51831000	-121.998440	374.0
47.51831000	-121.998390	375.0
47.51830000	-121.998340	376.0
47.51828000	-121.998310	378.0
47.51826000	-121.998280	379.0
47.51824000	-121.998240	381.0
47.51823000	-121.998200	382.0
47.51824000	-121.998160	382.0
47.51827000	-121.998160	380.0
47.51830000	-121.998170	378.0
47.51832000	-121.998130	378.0
47.51834000	-121.998090	377.0
47.51837000	-121.998050	375.0
47.51840000	-121.998020	374.0
47.51841000	-121.997970	374.0
47.51842000	-121.997930	374.0
47.51844000	-121.997890	374.0
47.51846000	-121.997860	373.0
47.51848000	-121.997830	373.0
47.51851000	-121.997780	372.0
47.51852000	-121.997730	372.0
47.51853000	-121.997690	373.0
47.51853000	-121.997640	374.0
47.51853000	-121.997600	375.0
47.51855000	-121.997560	375.0
47.51858000	-121.997560	372.0
47.51861000	-121.997590	369.0
47.51864000	-121.997620	367.0
47.51865000	-121.997660	365.0
47.51866000	-121.997710	363.0
47.51867000	-121.997750	362.0
47.51869000	-121.997810	360.0
47.51871000	-121.997850	358.0
47.51873000	-121.997880	357.0
47.51874000	-121.997920	356.0
47.51874000	-121.997970	355.0
47.51876000	-121.998010	354.0
47.51877000	-121.998050	353.0
47.51879000	-121.998090	351.0
47.51880000	-121.998130	350.0
47.51883000	-121.998100	350.0
47.51885000	-121.998050	350.0
47.51885000	-121.998010	351.0
47.51887000	-121.997970	351.0
47.51888000	-121.997930	351.0
47.51891000	-121.997900	351.0
47.51893000	-121.997860	351.0
47.51895000	-121.997810	351.0
47.51897000	-121.997780	351.0
47.51900000	-121.997780	350.0
47.51903000	-121.997760	349.0
47.51904000	-121.997730	349.0
47.51907000	-121.997700	349.0
47.51909000	-121.997660	349.0
47.51911000	-121.997620	349.0
47.51914000	-121.997610	348.0
47.51917000	-121.997630	347.0
47.51920000	-121.997640	345.0
47.51923000	-121.997630	344.0
47.51926000	-121.997640	343.0
47.51928000	-121.997650	342.0
47.51932000	-121.997670	340.0
47.51934000	-121.997680	340.0
47.51937000	-121.997700	338.0
47.51940000	-121.997720	337.0
47.51943000	-121.997720	336.0
47.51946000	-121.997720	335.0
47.51949000	-121.997700	334.0
47.51949000	-121.997640	335.0
47.51948000	-121.997590	336.0
47.51946000	-121.997560	337.0
47.51944000	-121.997520	338.0
47.51943000	-121.997480	339.0
47.51945000	-121.997440	339.0
47.51946000	-121.997400	339.0
47.51947000	-121.997360	339.0
47.51949000	-121.997320	339.0
47.51952000	-121.997300	337.0
47.51954000	-121.997280	337.0
47.51956000	-121.997250	336.0
47.51958000	-121.997210	336.0
47.51962000	-121.997190	334.0
47.51965000	-121.997170	333.0
47.51968000	-121.997160	332.0
47.51972000	-121.997150	330.0
47.51974000	-121.997130	329.0
47.51977000	-121.997080	328.0
47.51980000	-121.997050	327.0
47.51982000	-121.997030	326.0
47.51985000	-121.997020	325.0
47.51989000	-121.997030	324.0
47.51991000	-121.997050	323.0
47.51994000	-121.997060	322.0
47.51997000	-121.997060	321.0
47.52000000	-121.997050	319.0
47.52003000	-121.997040	319.0
47.52006000	-121.997010	318.0
47.52009000	-121.996980	317.0
47.52013000	-121.996970	316.0
47.52016000	-121.996980	316.0
47.52019000	-121.996990	315.0
47.52022000	-121.997000	314.0
47.52024000	-121.997020	314.0
47.52026000	-121.997070	313.0
47.52027000	-121.997130	313.0
47.52028000	-121.997180	313.0
47.52028000	-121.997220	313.0
47.52029000	-121.997270	313.0
47.52031000	-121.997330	312.0
47.52032000	-121.997370	311.0
47.52034000	-121.997410	311.0
47.52035000	-121.997450	310.0
47.52035000	-121.997490	310.0
47.52035000	-121.997540	310.0
47.52036000	-121.997590	309.0
47.52038000	-121.997640	308.0
47.52040000	-121.997670	307.0
47.52042000	-121.997710	306.0
47.52043000	-121.997760	306.0
47.52044000	-121.997810	305.0
47.52045000	-121.997850	304.0
47.52045000	-121.997900	304.0
47.52046000	-121.997940	304.0
47.52047000	-121.997980	303.0
47.52048000	-121.998020	303.0
47.52049000	-121.998080	302.0
47.52051000	-121.998120	301.0
47.52051000	-121.998160	301.0
47.52051000	-121.998210	300.0
47.52052000	-121.998250	300.0
47.52052000	-121.998290	300.0
47.52054000	-121.998340	299.0
47.52056000	-121.998380	298.0
47.52058000	-121.998410	297.0
47.52060000	-121.998440	297.0
47.52062000	-121.998480	296.0
47.52065000	-121.998490	295.0
47.52069000	-121.998490	294.0
47.52073000	-121.998470	294.0
47.52076000	-121.998450	294.0
47.52079000	-121.998430	293.0
47.52080000	-121.998390	293.0
47.52082000	-121.998350	294.0
47.52083000	-121.998310	294.0
47.52084000	-121.998260	293.0
47.52086000	-121.998230	293.0
47.52088000	-121.998200	292.0
47.52090000	-121.998170	292.0
47.52094000	-121.998160	291.0
47.52097000	-121.998170	290.0
47.52100000	-121.998240	289.0
47.52102000	-121.998290	288.0
47.52105000	-121.998350	286.0
47.52107000	-121.998390	285.0
47.52109000	-121.998440	284.0
47.52112000	-121.998490	283.0
47.52114000	-121.998520	282.0
47.52115000	-121.998570	281.0
47.52116000	-121.998610	281.0
47.52118000	-121.998620	280.0
47.52121000	-121.998610	280.0
47.52123000	-121.998570	280.0
47.52124000	-121.998530	280.0
47.52125000	-121.998500	280.0
47.52127000	-121.998460	280.0
47.52129000	-121.998420	280.0
47.52131000	-121.998390	280.0
47.52133000	-121.998350	280.0
47.52134000	-121.998310	280.0
47.52137000	-121.998280	279.0
47.52139000	-121.998260	278.0
47.52142000	-121.998240	278.0
47.52145000	-121.998220	277.0
47.52148000	-121.998210	276.0
47.52152000	-121.998190	275.0
47.52155000	-121.998180	275.0
47.52158000	-121.998170	274.0
47.52161000	-121.998160	274.0
47.52164000	-121.998140	273.0
47.52167000	-121.998110	272.0
47.52169000	-121.998080	272.0
47.52172000	-121.998060	270.0
47.52176000	-121.998050	269.0
47.52180000	-121.998050	267.0
47.52183000	-121.998040	266.0
47.52186000	-121.998040	265.0
47.52190000	-121.998040	263.0
47.52193000	-121.998040	262.0
47.52195000	-121.998030	262.0
47.52199000	-121.998040	260.0
47.52202000	-121.998050	260.0
47.52204000	-121.998060	259.0
47.52208000	-121.998070	258.0
47.52211000	-121.998090	257.0
47.52214000	-121.998100	257.0
47.52218000	-121.998100	256.0
47.52220000	-121.998110	255.0
47.52224000	-121.998110	255.0
47.52227000	-121.998100	254.0
47.52230000	-121.998100	254.0
47.52232000	-121.998130	254.0
47.52235000	-121.998150	254.0
47.52238000	-121.998160	254.0
47.52241000	-121.998160	253.0
47.52245000	-121.998170	253.0
47.52249000	-121.998190	253.0
47.52252000	-121.998240	252.0
47.52253000	-121.998280	251.0
47.52255000	-121.998320	251.0
47.52256000	-121.998360	250.0
47.52256000	-121.998410	250.0
47.52257000	-121.998450	250.0
47.52257000	-121.998490	250.0
47.52258000	-121.998540	250.0
47.52260000	-121.998580	249.0
47.52262000	-121.998620	249.0
47.52264000	-121.998650	248.0
47.52267000	-121.998670	247.0
47.52268000	-121.998710	247.0
47.52270000	-121.998750	246.0
47.52272000	-121.998800	245.0
47.52275000	-121.998830	244.0
47.52278000	-121.998840	243.0
47.52281000	-121.998820	243.0
47.52285000	-121.998820	242.0
47.52290000	-121.998790	241.0
47.52292000	-121.998750	241.0
47.52295000	-121.998700	241.0
47.52296000	-121.998640	241.0
47.52298000	-121.998590	241.0
47.52300000	-121.998530	241.0
47.52302000	-121.998500	240.0
47.52305000	-121.998470	240.0
47.52307000	-121.998450	240.0
47.52311000	-121.998440	240.0
47.52315000	-121.998440	239.0
47.52318000	-121.998450	239.0
47.52321000	-121.998480	238.0
47.52323000	-121.998520	238.0
47.52325000	-121.998560	237.0
47.52328000	-121.998590	236.0
47.52330000	-121.998610	236.0
47.52333000	-121.998620	235.0
47.52336000	-121.998590	235.0
47.52339000	-121.998580	235.0
47.52342000	-121.998590	235.0
47.52345000	-121.998600	234.0
47.52348000	-121.998600	234.0
47.52352000	-121.998610	233.0
47.52355000	-121.998620	232.0
47.52356000	-121.998660	232.0
47.52357000	-121.998700	231.0
47.52357000	-121.998740	231.0
47.52357000	-121.998790	230.0
47.52358000	-121.998840	230.0
47.52359000	-121.998880	229.0
47.52363000	-121.998900	228.0
47.52366000	-121.998910	228.0
47.52370000	-121.998910	227.0
47.52373000	-121.998910	227.0
47.52375000	-121.998940	226.0
47.52377000	-121.998990	225.0
47.52378000	-121.999040	224.0
47.52380000	-121.999070	224.0
47.52383000	-121.999070	223.0
47.52385000	-121.999040	223.0
47.52387000	-121.999010	223.0
47.52391000	-121.998970	223.0
47.52394000	-121.998950	223.0
47.52398000	-121.998970	222.0
47.52401000	-121.998980	221.0
47.52404000	-121.998970	221.0
47.52407000	-121.998950	220.0
47.52410000	-121.998950	219.0
47.52413000	-121.998980	219.0
47.52416000	-121.999010	218.0
47.52420000	-121.999050	217.0
47.52422000	-121.999080	216.0
47.52425000	-121.999110	215.0
47.52428000	-121.999150	215.0
47.52430000	-121.999190	214.0
47.52431000	-121.999230	213.0
47.52434000	-121.999240	213.0
47.52437000	-121.999240	212.0
47.52440000	-121.999250	212.0
47.52443000	-121.999270	211.0
47.52445000	-121.999300	211.0
47.52447000	-121.999330	210.0
47.52450000	-121.999380	210.0
47.52452000	-121.999420	209.0
47.52454000	-121.999470	209.0
47.52457000	-121.999500	209.0
47.52461000	-121.999520	208.0
47.52464000	-121.999550	208.0
47.52466000	-121.999570	207.0
47.52469000	-121.999600	206.0
47.52471000	-121.999640	206.0
47.52473000	-121.999660	205.0
47.52476000	-121.999690	204.0
47.52478000	-121.999710	204.0
47.52481000	-121.999700	204.0
47.52485000	-121.999670	203.0
47.52488000	-121.999660	203.0
47.52492000	-121.999650	203.0
47.52494000	-121.999620	203.0
47.52496000	-121.999590	203.0
47.52499000	-121.999580	203.0
47.52502000	-121.999600	202.0
47.52506000	-121.999620	202.0
47.52508000	-121.999630	201.0
47.52512000	-121.999640	201.0
47.52516000	-121.999630	201.0
47.52518000	-121.999600	202.0
47.52520000	-121.999560	202.0
47.52522000	-121.999520	203.0
47.52525000	-121.999500	203.0
47.52527000	-121.999470	203.0
47.52530000	-121.999450	203.0
47.52533000	-121.999440	203.0
47.52535000	-121.999410	204.0
47.52537000	-121.999370	205.0
47.52538000	-121.999340	205.0
47.52541000	-121.999300	205.0
47.52544000	-121.999290	205.0
47.52547000	-121.999290	205.0
47.52551000	-121.999280	205.0
47.52554000	-121.999270	205.0
47.52557000	-121.999250	204.0
47.52560000	-121.999220	204.0
47.52563000	-121.999200	203.0
47.52566000	-121.999190	203.0
47.52569000	-121.999180	202.0
47.52572000	-121.999170	201.0
47.52576000	-121.999150	200.0
47.52579000	-121.999130	200.0
47.52582000	-121.999110	199.0
47.52586000	-121.999090	199.0
47.52589000	-121.999060	199.0
47.52592000	-121.999040	198.0
47.52595000	-121.999040	198.0
47.52598000	-121.999020	197.0
47.52601000	-121.999000	197.0
47.52604000	-121.998980	196.0
47.52607000	-121.998960	196.0
47.52610000	-121.998930	195.0
47.52613000	-121.998910	195.0
47.52616000	-121.998900	195.0
47.52619000	-121.998890	194.0
47.52623000	-121.998870	194.0
47.52626000	-121.998860	193.0
47.52628000	-121.998860	193.0
47.52631000	-121.998850	192.0
47.52635000	-121.998840	191.0
47.52638000	-121.998810	191.0
47.52641000	-121.998780	191.0
47.52644000	-121.998770	190.0
47.52648000	-121.998760	190.0
47.52651000	-121.998760	189.0
47.52655000	-121.998770	189.0
47.52659000	-121.998780	188.0
47.52663000	-121.998800	188.0
47.52667000	-121.998800	187.0
47.52671000	-121.998810	187.0
47.52674000	-121.998810	186.0
47.52678000	-121.998780	185.0
47.52681000	-121.998750	185.0
47.52683000	-121.998720	185.0
47.52686000	-121.998690	184.0
47.52688000	-121.998670	184.0
47.52691000	-121.998660	183.0
47.52694000	-121.998690	183.0
# new track		
47.52750000	-121.998440	175.0
47.52752000	-121.998400	175.0
47.52754000	-121.998360	175.0
47.52755000	-121.998330	175.0
47.52756000	-121.998270	175.0
47.52757000	-121.998230	176.0
47.52757000	-121.998190	176.0
47.52758000	-121.998130	176.0
47.52758000	-121.998080	177.0
47.52759000	-121.998010	177.0
47.52759000	-121.997960	178.0
47.52759000	-121.997910	178.0
47.52761000	-121.997860	178.0
# new track
47.52767000	-121.997630	180.0
47.52770000	-121.997600	179.0
47.52773000	-121.997560	179.0
47.52775000	-121.997520	179.0
47.52777000	-121.997490	179.0
47.52779000	-121.997450	179.0
47.52780000	-121.997400	179.0
47.52780000	-121.997360	179.0
47.52781000	-121.997310	179.0